,y_test,y_pred
0,69.50655738,49.727004261018976
1,42.74794521,41.99779462444892
2,37.06,42.73557468962258
3,61.97808219,41.495621127545306
4,26.79,34.60285469297075
5,37.56876263,42.37602232226306
6,42.2488809,50.56317132032173
7,35.20547945,51.38056176101573
8,31.41,49.42598805719254
9,70.30684932,51.195739831723664
10,26.57808219,27.576396842510977
11,41.44,52.85259287032892
12,66.85205479,52.89390743817347
13,42.64,47.67811823447084
14,40.56010929,51.05958621385034
15,44.18630137,45.80506653692098
16,46.39071038,41.3527364732042
17,25.39,41.91076410175603
18,42.15,47.470895749411504
19,31.66,43.455424130649675
20,45.2,43.64578113471292
21,74.85205479,63.932778701794966
22,72.3579235,51.90651814057462
23,26.74,38.574812917808416
24,67.17260274,55.497701144919624
25,32.15,55.27574023520123
26,32.3,45.88144977817048
27,53.88,54.32843718248337
28,74.45355191,52.500183000226
29,49.18356164,46.72413448010478
30,46.98,51.47253166869206
31,50.26,50.468487259127244
32,75.4109589,61.58437955808958
33,42.36,53.030271369523405
34,31.47,32.83480822497023
35,29.64,47.02692692380722
36,80.52876712,67.42275754297073
37,29.25,40.32131996143431
38,67.61369863,52.47577672163701
39,71.47945205,57.209220702058104
40,45.26,42.45225289841725
41,24.39,39.30352269758246
42,42.53,51.0057512553924
43,26.27,45.98555613124322
44,24.54,50.931852779333596
45,53.86,45.21159751084904
46,58.60190134,45.45430468209061
47,49.31506849,44.88219831480378
48,61.55068493,52.846346480443785
49,44.44,46.88048286261029
50,20.84,30.967668952282683
51,29.14,41.02937483263956
52,26.49,35.266510881488344
53,85.81613893,63.055277928978825
54,45.69,34.533046048585334
55,28.87752077,44.00216329450544
56,47.71584699,53.35425796525109
57,28.5,45.24604732978382
58,52.75136612,44.83601136226129
59,37.59,44.37912217333253
60,68.12021858,76.59482371591994
61,67.43561644,51.330496577865496
62,45.54,48.30598537430011
63,56.00821918,40.98297499217533
64,43.35,39.93727373076791
65,28.27,33.28000448341904
66,45.99,52.51097773752513
67,45.28219178,45.24089422440328
68,35.95,35.63480525296012
69,19.11,35.20971288939491
70,68.23561644,54.228147191751525
71,61.53825137,55.0813598958198
72,39.5,47.637537181362006
73,44.48,50.24124909996351
74,44.62,48.32777441969562
75,32.58,45.134756976778334
76,23.35,38.33546395939451
77,34.91803279,48.61253562402638
78,67.01369863,53.10553206387586
79,68.7260274,49.629420352652
80,73.1260274,66.89865017653037
81,38.84,49.701295382625126
82,19.52,30.825344105607183
83,21.97,35.45896208202798
84,54.03,45.58586139620451
85,38.74,46.362158799140055
86,39.09,31.510192898785803
87,51.27,52.27941004880515
88,76.98356164,67.75765716345838
89,67.01912568,46.56123045457472
90,40.62,50.947916385849915
91,31.72,37.74799583084325
92,25.25,40.59003190225561
93,33.79,42.00932432522896
94,29.34,33.260006212156355
95,45.6,44.26220857818994
96,77.34153005,57.817830282399
97,73.22191781,54.42206908037121
98,61.26229508,44.578567705893576
99,44.91,45.072527096621045
100,41.88145071,44.08098249026391
101,54.70136986,49.9873411401033
102,56.93150685,44.59342308752976
103,80.68493151,58.68456994709601
104,26.01,40.37436166434916
105,23.01,44.25887027292471
106,49.33,50.02435049247781
107,22.08,46.66811608232387
108,69.86720563,54.18011105247232
109,44.57,45.53240120780519
110,66.82191781,46.664355265015445
111,59.70684932,47.85195730213259
112,20.58,46.51286802365831
113,52.28,50.054129400517866
114,47.73424658,51.488975310757205
115,64.61748634,51.45191947919595
116,54.86027397,51.66102842260414
117,52.84578936,47.03816520424338
118,46.2,49.028337985050015
119,36.23,42.700606330939124
120,35.71,49.125978666409054
121,72.63013699,58.16185971331987
122,42.25,49.94463491013576
123,28.82,44.80050359259508
124,50.91,48.88302356538715
125,35.58,39.49586541211991
126,29.65,37.898714502306674
127,27.26,46.93950359009925
128,57.22465753,50.58369868817366
129,29.28709484,41.097735495649786
130,43.49,45.15234387542469
131,66.68219178,52.1903676333642
132,40.84,34.58632407163316
133,66.21643836,52.98410930929407
134,44.63,47.02270128478568
135,48.38,50.26359701468125
136,59.34246575,51.875585301381044
137,70.09836066,56.69735944546811
138,52.95,40.311113749625115
139,34.45,35.384223493503626
140,72.15616438,67.5180867459713
141,31.83,38.81669816991852
142,43.77808219,44.28369082125309
143,35.09836066,39.46241190579069
144,27.76,40.34993855532147
145,37.5,56.50650698986271
146,68.21369863,48.34938727559175
147,40.95,44.20426090788219
148,24.5628565,36.61940715550448
149,63.69589041,54.76659854840444
150,72.37534247,56.41901128897187
151,48.23835616,48.108921463819854
152,40.84,38.779394168086796
153,75.56986301,59.535062772018726
154,68.57377049,48.9293910698749
155,76.21369863,62.150644211347675
156,63.51780822,52.53693464647432
157,23.37,39.31969167577047
158,44.43,48.3249160081451
159,54.32876712,49.220156581809064
160,43.7,47.32516091180946
161,23.63,36.76210383067313
162,19.13,32.77210414013927
163,79.97260274,83.14118266366766
164,53.21,49.32985662026877
165,30.4726776,40.08821170860753
166,52.73,48.94593279550201
167,45.66,48.432759228287715
168,32.19726027,39.95735963481337
169,59.58082192,48.90850916143303
170,53.86,46.71816604242467
171,43.48,38.196625565683355
172,30.28,47.639534344042076
173,20.97924994,41.539160574371834
174,32.4,45.51220302267376
175,50.66,52.6751752500297
176,26.21874392,42.62343845437364
177,37.05,49.565710628237625
178,34.93,45.4946027142415
179,51.53150685,36.86793719392712
180,28.1,43.247310463282815
181,74.6109589,40.373144991181626
182,42.97,48.008651697823325
183,38.12,48.51515474097326
184,30.26,52.706809123459536
185,33.71,42.338754111377725
186,43.48767123,36.426072050458025
187,29.15320758,40.405992841709306
188,50.34520548,51.38318633783298
189,45.8,46.88676731153242
190,65.87796991,48.95862956486413
191,30.99,42.89498690530284
192,21.0,37.96627267508593
193,74.93972603,59.98905100321439
194,38.01,37.27061926720735
195,46.87,48.30968344251231
196,37.02,48.203378633743384
197,51.91,49.595752715722554
198,51.62,47.79123929909493
199,45.5,45.29480558135509
200,35.08,34.86518266689309
201,79.50410959,73.52616070658877
202,35.64,44.760515191220776
203,54.66,49.52944908737443
204,23.22,41.561198302072995
205,67.81369863,56.153483054044976
206,44.41,49.51771013971902
207,75.71232877,58.52159481088182
208,65.08767123,51.1741647704268
209,43.89,50.95265903103602
210,30.45,44.247835613263334
211,72.10136986,41.64195502276046
212,75.63013699,55.33053707538441
213,25.91534546,45.60592515420432
214,50.66849315,48.24939622048781
215,78.33333333,95.5615848749377
216,29.51,49.93921245319821
217,47.51,48.39202354302217
218,67.5260274,50.302477523034874
219,50.83013699,49.21798241266769
220,57.9330414,48.877131988732664
221,65.34520548,56.72701369304325
222,43.27,49.70063710630636
223,38.59,43.40603167669675
224,32.16,38.44468430605596
225,68.69041096,48.28744682267115
226,46.75,46.132779824617415
227,85.7768321,56.65831427035789
228,58.61643836,53.673579568650524
229,68.3890411,53.11409637297428
230,27.76,40.886643197748846
231,32.25,46.894429300870826
232,64.25753425,51.24107044202242
233,47.33,54.165620304036004
234,45.77677221,51.09638010710574
235,68.6739726,54.22934816784258
236,40.18,48.53358734101754
237,52.14,47.74890996766703
238,39.18,41.96383585587414
239,54.99,45.75829540736869
240,71.52876712,52.663022729036086
241,39.36,43.467622326656674
242,30.57,34.32745771157178
243,56.63208324,48.38669965639457
244,78.41256831,62.24355672852756
245,28.40273973,36.9552563734584
246,60.53278689,53.02483475433686
247,76.80273973,58.09950251006523
248,33.43,40.4758036759772
249,46.1776106,45.36540188660214
250,46.80821918,51.80914912612775
251,71.2431694,51.07847280274823
252,38.3,47.01702968922266
253,52.77,36.368067553796294
254,37.2,36.47191822944471
255,43.82,53.68035198095278
256,51.63,51.180870587581055
257,37.03561644,47.05290904309933
258,64.73150685,43.541015762567824
259,34.60273973,37.40434661725975
260,34.95,49.97881194806491
0,40.56010929,50.473684117942334
1,46.98,50.958806035123736
2,52.95,39.096185033764016
3,49.26,51.85791270859083
4,51.45901639,52.93712290731003
5,61.63561644,54.37280612710521
6,64.73150685,42.55328118454173
7,33.07,42.31640080450874
8,52.16679392,52.086790694182085
9,66.21643836,52.33988798085808
10,31.25,37.284168952283544
11,41.02,45.939658614260864
12,50.54,49.115174464902665
13,62.5260274,51.5016985473514
14,61.27123288,49.88103590380799
15,67.61369863,51.94367227178208
16,40.65,44.53798373366928
17,47.98,39.44914443196058
18,44.50627292,45.699871410882025
19,75.54246575,55.12144186952114
20,74.0630137,64.52507171788908
21,37.68,33.191899021964744
22,45.06,50.77644769511542
23,48.6,43.709580406347406
24,66.68219178,51.336830687388236
25,38.94,49.10794110971635
26,25.91534546,44.95939284950351
27,54.32876712,48.81616962223817
28,24.74,39.27077604972919
29,57.39,50.95540469696755
30,30.26,52.292616504730844
31,59.03835616,52.64396340594592
32,74.85205479,61.464158442599995
33,60.24931507,51.875918811709305
34,71.78082192,50.05951739226777
35,47.75,44.559954065772494
36,67.81369863,55.30691652129603
37,55.02,47.66095862844254
38,27.89,30.618619830074003
39,28.56,38.156957338058135
40,39.09,30.804341716413713
41,54.55,48.28779449212845
42,40.35519126,49.77721031798678
43,39.22,49.13635033927289
44,27.73,43.692159532392395
45,58.22404372,46.57823233275227
46,55.6010929,41.16187631562878
47,74.76986301,55.1338444847484
48,75.89315068,63.38165235853326
49,26.95,38.67255025682482
50,43.84,44.49568074760528
51,85.81613893,60.74648187188947
52,54.66,48.664372240787515
53,70.16120219,56.4811708808766
54,58.6557377,51.821771898674754
55,26.74,38.631596868804756
56,29.34,32.20105155660947
57,32.53,46.58992497281021
58,66.17213115,52.69181583074045
59,71.16438356,56.47708971035357
60,40.62,50.21682483011964
61,23.37,38.75114267277578
62,19.52,29.570362002633644
63,74.45355191,51.491915096769404
64,67.98082192,60.98873304061845
65,74.06575342,63.99547935198892
66,39.69,43.323719160845236
67,45.5,44.652172708159796
68,21.13,44.81669581024979
69,38.02,42.42950838256896
70,76.83013699,53.53398136568304
71,52.28,49.64879652225039
72,83.34794521,60.53774217215307
73,57.96438356,51.32044348182223
74,33.43287671,38.07532307942356
75,30.72,39.01052956846071
76,43.48767123,35.293803382691976
77,54.93972603,42.637801023981964
78,47.58356164,46.124497320277385
79,77.29041096,60.131887410194075
80,54.78630137,43.16921011551858
81,53.76028894,48.54069395064524
82,67.79452055,53.1045744497334
83,67.17808219,54.1613160394134
84,74.98630137,61.00481778227388
85,49.82465753,54.629764765459086
86,43.81,50.42291806076228
87,40.87,51.6299670417017
88,73.83513736,53.09160608880857
89,56.67,50.84458685222481
90,46.51232877,40.57490339215261
91,79.2109589,46.6324873577443
92,45.8,46.3290806926577
93,63.76986301,42.36870356856098
94,76.2109589,50.3110714636998
95,24.18,48.06051851261863
96,28.1,42.39089790766586
97,69.44535519,52.80288568674001
98,73.22191781,52.830358252304435
99,45.02,47.694178737630196
100,66.04109589,45.251632499722064
101,48.52783891,35.70579886357092
102,37.06,42.20561583708553
103,26.74,38.02164126983821
104,50.34520548,50.98845603134035
105,48.30958904,36.377282331843034
106,29.03,48.067957167873125
107,28.02,27.365267584001668
108,54.99,45.10566273872522
109,77.55464481,49.93918675678392
110,45.71,49.98655114545279
111,66.94246575,52.19060806070372
112,38.79,42.186656344296914
113,60.69589041,51.01174109389208
114,44.63,46.12095066834821
115,57.29041096,48.835859716550644
116,44.15,44.68432138060201
117,48.92,47.4328732495026
118,37.16,45.408902796413244
119,55.86027397,48.6370480809111
120,33.79,41.659399448715845
121,47.73424658,50.77909455119762
122,48.33,45.19447244229346
123,45.2,42.95811465697675
124,51.3579235,52.28247026544309
125,44.35,45.008198674742864
126,46.86,44.16781477465206
127,67.01912568,45.53870606826304
128,68.43561644,50.61453367450143
129,29.42,26.1266619347122
130,51.89589041,50.87694569184131
131,34.84,40.01257264738234
132,46.07,45.28910827749612
133,51.29,44.36594241062928
134,37.61,46.57938233993292
135,21.16,42.45210577124088
136,68.14794521,49.55362754829099
137,34.88,48.255682013117266
138,68.12021858,71.61124835185215
139,32.16,37.466826423756316
140,46.76,51.396407371484415
141,58.40547945,49.69103608914892
142,72.15616438,65.31411049894766
143,22.83,38.621459230827384
144,68.23561644,53.06936194648254
145,45.28493151,45.56219708620675
146,37.40437158,42.41879551798037
147,49.09,49.55503643409685
148,34.12,49.62368180531519
149,19.45,45.35387143003082
150,74.19125683,50.222315456704294
151,61.21917808,52.769078652822685
152,53.88,53.644358722296836
153,31.01,43.798623099309424
154,72.33150685,50.96062212966698
155,48.38,49.829760860973764
156,75.10684932,65.02691230537899
157,18.52,40.45076022262002
158,69.70765027,64.45630627499294
159,51.66,53.156889304170015
160,36.23,41.76801424691629
161,51.69315068,49.62309730817469
162,38.3,46.20811815686413
163,39.5,47.702519058267214
164,53.82,51.71573200633222
165,60.06575342,49.41577672553224
166,74.67123288,46.288135218865385
167,78.8,60.259027740798885
168,77.6010929,53.132218802280995
169,31.61,49.094462352953194
170,72.3579235,50.919689477619904
171,66.96712329,54.553435342347406
172,27.31,30.867852415861933
173,59.07671233,55.00077022193056
174,23.63,35.84112620832732
175,53.20821918,44.08773748712964
176,42.56,44.46524560883829
177,30.94,44.37330454941729
178,35.76775956,44.52909345965402
179,40.55616438,37.673076465402886
180,64.61748634,50.534141519299276
181,79.62465753,63.57142354459284
182,20.97924994,40.78600567491066
183,42.74794521,40.62979172754301
184,33.83,40.017390702676394
185,72.61369863,53.05979528317116
186,50.3260274,46.32894798616474
187,34.56,40.68037015634465
188,68.83835616,50.97227949526149
189,23.01,43.63544334299311
190,71.28767123,52.46429102730689
191,62.0630137,49.99374096772796
192,68.21369863,46.40814385845497
193,26.10382514,42.883951071785226
194,75.12295082,59.23363962688105
195,68.8,55.27599081584714
196,36.28,43.01035245793416
197,36.7,38.28296406305921
198,50.79726027,52.28476691645112
199,50.52,47.6708754652519
200,73.56438356,50.10401014204852
201,57.31780822,44.352275456978155
202,37.95,47.18659964429277
203,38.08,49.46317268598193
204,68.84931507,51.12367162149409
205,32.91,35.60921315703231
206,71.92876712,57.855002708602065
207,45.73,46.575898073978706
208,85.7768321,55.934442620658096
209,63.75890411,42.4289935403422
210,30.4726776,39.681461918277314
211,77.35890411,54.56726542462132
212,20.50546448,43.67070951630434
213,45.15,43.280381003856604
214,50.83013699,47.88735053105704
215,38.74,45.78165544156627
216,21.42,41.690626292033826
217,33.49,42.57636986139955
218,52.14,47.22833657753618
219,49.39071038,54.74468123958253
220,34.11,50.80747737399205
221,33.32876712,45.766884081864625
222,22.08,46.494442927700305
223,71.2431694,50.03710714787638
224,42.3,52.56706526959594
225,26.01,39.76634388013772
226,52.72876712,53.414179710919846
227,46.08,45.69305439851255
228,37.5,55.84509167680617
229,19.4,29.881603747310685
230,74.51232877,53.35160314054088
231,37.02,40.32941080506726
232,34.05,47.43197180011538
233,39.18,41.0968955128719
234,73.97707164,50.338652372734046
235,47.95081967,46.98076136670171
236,65.91780822,49.25412309752063
237,70.71232877,51.4515316397788
238,28.87752077,43.74942950132332
239,43.71,44.63003008913135
240,83.36164384,59.06741774652293
241,33.71,41.61412931683465
242,33.86,39.64510143308267
243,32.43287671,48.72407797324136
244,35.52,46.21407171858712
245,48.03,46.588544399850306
246,23.2,31.94695762954824
247,50.66849315,47.53015278969775
248,60.87671233,34.88752236189225
249,60.90958904,57.178951990856326
250,33.92,46.48186834783791
251,42.58,48.557897934887364
252,35.09836066,38.875525524237965
253,26.79,34.262634628694826
254,68.09863014,56.41949203128029
255,55.0,53.25450249368501
256,46.81643836,47.80830083165765
257,74.6109589,38.41402782827764
258,42.18579235,45.18613658640641
259,51.53150685,35.78606369668978
260,53.1890411,44.53033466170479
0,71.25479452,56.65067270903287
1,47.83,38.11601397821376
2,38.59,42.573092206760236
3,32.3,40.05584225354777
4,49.98537316,35.21864924837868
5,59.70684932,47.116289208207924
6,31.47,46.565915844830975
7,71.13150685,51.00112777430233
8,57.29041096,49.0031940931666
9,61.26229508,44.148112065779685
10,24.54,50.84635923201318
11,29.26,41.718264015915494
12,77.35890411,55.37506273968016
13,29.51,49.63615639224613
14,26.08469945,34.56507026848203
15,45.94,47.22034699118174
16,36.12328767,36.939663858446345
17,70.3260274,76.02189766224983
18,59.03835616,52.92376110180856
19,25.25,40.31302057057229
20,57.95548319,47.393481072622734
21,72.81369863,42.57989082145404
22,68.72876712,50.52262923694415
23,45.28493151,45.42378358952247
24,63.29781421,53.15903415549702
25,18.49,43.29504636831156
26,19.11,35.00780025899732
27,52.16679392,52.154411352580766
28,62.9369863,48.30639524151871
29,33.32876712,45.85577724202531
30,66.5369863,45.97816580172051
31,71.92876712,57.922276910393535
32,68.7260274,48.949736645472996
33,79.13424658,58.46586007963939
34,68.6739726,53.87469766688433
35,51.50410959,51.40207888664214
36,24.74,38.06978280383687
37,50.83013699,48.68224063246479
38,69.86720563,53.313483745058605
39,29.74,44.75570888723148
40,33.88,42.23157441510475
41,74.06027397,55.62981260521019
42,44.42,50.44204396432372
43,53.20821918,44.29396286732564
44,27.49863014,41.07554056402063
45,68.47671233,54.17489668322698
46,54.76986301,54.739228229897165
47,38.89,41.44529563992118
48,63.51780822,51.998009024867926
49,28.26,45.841130132677975
50,50.54,43.97975658394479
51,59.07671233,54.92744760398642
52,43.24,49.30060472949852
53,29.33,40.79692818112
54,26.10382514,42.982250668411424
55,54.93972603,42.86005143396254
56,48.92,47.353051769449486
57,75.12295082,60.420252466192395
58,69.15890411,52.720203503804996
59,39.44,40.17029654340874
60,44.91,46.15056062157093
61,75.85205479,53.37939931436071
62,69.50136986,54.91354600203303
63,34.88,48.09858776613042
64,69.44535519,53.96493872892517
65,72.12568306,55.10391697679426
66,35.09836066,39.44885300124644
67,26.27,45.784781650835214
68,39.5,47.028534524237095
69,48.30958904,36.52885719923448
70,64.36712329,48.20853962547163
71,39.22,49.545180511850866
72,32.91,36.04416620360368
73,48.01,45.181944512974894
74,46.75,45.53045915492944
75,53.21369863,47.66731552356752
76,65.03561644,47.16864352817999
77,23.13,43.15439929772395
78,74.0630137,66.06376939112899
79,24.5628565,36.64300971449195
80,74.45355191,51.61904767896726
81,44.43,47.77457229245049
82,45.3369863,38.469310659103904
83,67.61369863,52.04063163187628
84,49.33,49.400977031064144
85,58.40547945,50.022920907435584
86,53.6,49.20594043301359
87,48.23835616,47.85303786156229
88,71.78082192,49.49131332114565
89,40.84,38.28252515656632
90,51.76775956,51.11328639955755
91,58.61643836,53.04755681495982
92,65.34520548,56.175968644799624
93,23.22,41.21409624887855
94,23.83,40.56465305214135
95,36.05,46.14348102002824
96,43.17,48.5914912299959
97,70.34246575,47.30538285647897
98,83.36164384,59.44385428546186
99,38.94,49.22598070983154
100,53.21369863,48.31707994180029
101,19.32,42.144499582400414
102,58.6557377,52.11299320728678
103,28.40273973,36.64994531704815
104,71.99452055,48.951580326742196
105,72.77731118,52.929915564646215
106,51.53150685,35.942629202804945
107,74.23561644,53.79704173219274
108,42.36164384,51.28561853111563
109,49.8,45.660657640156955
110,51.8,51.93451759626834
111,37.03561644,46.89733743125498
112,45.15,43.66840348172204
113,73.97707164,50.42925582542621
114,47.75,44.78203337262802
115,79.52876712,57.30881790367844
116,41.71,50.32022191277001
117,67.26575342,53.78833192454254
118,50.44109589,47.78899581308415
119,62.7775058,45.1593796404084
120,68.4109589,48.187109357459086
121,75.18356164,51.09346644181195
122,55.83835616,50.86602657026068
123,67.01643836,49.989512951325025
124,41.17,47.290605358216354
125,51.13,50.122787985491286
126,37.75,44.93197208143148
127,56.4,54.46259426150198
128,28.02,44.232974318979075
129,44.73501759,45.76568166226011
130,59.58082192,47.58230688213636
131,30.61,51.21526944522309
132,28.94,42.614048314141804
133,30.62295082,47.28840113446742
134,33.84,43.105974775647
135,30.64,43.599893535038824
136,27.9,38.033687163232976
137,20.66,38.055221047763425
138,65.30327869,49.80184303368283
139,23.2,32.63027567778924
140,68.83835616,51.07554759810216
141,35.58,39.36710966582732
142,48.33,44.98352550505297
143,23.63,36.30712189206565
144,24.73,44.18791474482105
145,40.78,26.7061889482343
146,69.90410959,52.4895791415902
147,40.87,51.515530132320926
148,43.77808219,43.13476391740668
149,43.81,50.41797640396234
150,49.0,48.83462027933409
151,61.97217606,48.16198747467429
152,50.03561644,34.958136196855826
153,31.6,44.33905519211469
154,47.33,53.44997098437635
155,41.32,42.60927679022598
156,46.51232877,40.551096372483336
157,72.77260274,69.76935833718417
158,34.96,42.00290206256404
159,28.5,44.78443503591121
160,68.14794521,49.662039748890834
161,56.3579235,49.082018591226124
162,30.45,44.073376792393475
163,39.22,49.45210315874083
164,33.79,42.006711157383776
165,61.97808219,40.42049823428363
166,44.15,44.96127969605344
167,33.43,40.500214489697996
168,31.61,49.16509496235851
169,42.36,52.37782762416618
170,21.13,45.41016316549315
171,29.14,40.832416424777534
172,50.93,43.87700505370901
173,34.27868852,41.38826082412038
174,45.41,46.459825459413096
175,43.82,53.00351385132292
176,33.43,42.81661093082522
177,30.13,39.930454710046696
178,43.21,43.32106383010735
179,44.57,44.46278286807746
180,41.88145071,43.406839471526084
181,37.59,40.806333990967055
182,56.93150685,44.27249164667661
183,75.08469945,58.93104903958387
184,37.5,40.81666207634747
185,42.01639344,49.8122296555959
186,54.70136986,49.64118399696959
187,36.87,41.79416417391642
188,27.89,31.865964090124162
189,17.72,35.90868143951084
190,70.18032787,39.99711004682268
191,25.39,40.721648088890845
192,43.16,36.009522806170054
193,37.68,33.69988513219833
194,38.08,48.94883037903119
195,77.0109589,64.57050298709144
196,72.6630137,55.138786028465894
197,68.23561644,53.77297874834612
198,64.44109589,49.94556265264154
199,60.85753425,50.54130986794141
200,69.24109589,52.17094415560765
201,38.88,44.21304330009029
202,44.33,52.98469033779266
203,37.52,46.352073299939015
204,46.81643836,47.86832442312051
205,50.52,47.78950776553495
206,61.63561644,54.503906268760154
207,45.2,43.18454842365516
208,69.87106819,50.82150726164543
209,36.7369863,40.804726607343525
210,69.41803279,48.90280995628887
211,52.95,38.91260877966435
212,75.86027397,53.134079067110264
213,35.08,34.40496296083543
214,64.61748634,50.7064832376796
215,34.15027322,46.103008903831
216,49.56,48.224427874533674
217,71.47945205,56.27061233368607
218,44.08,49.046941154535595
219,23.37,39.40930435638536
220,24.0,33.995019923605355
221,33.55,47.664125300945415
222,75.4109589,60.820606243265914
223,60.74520548,53.30290545485008
224,50.26,49.65659718837009
225,52.28,49.69965595427712
226,43.18,48.37741104364278
227,34.60273973,37.59576791324564
228,40.84,34.000552636311895
229,61.55068493,52.11311594593704
230,36.5,39.500893708395274
231,31.77260274,48.0266734144922
232,67.01912568,45.84436250813529
233,46.08,45.75748639928235
234,36.7,38.67955390294983
235,27.31,31.538674894834344
236,45.91864661,38.33597150540584
237,70.45753425,51.19396127879426
238,79.87945205,62.63060753706765
239,72.60547945,43.0935431440871
240,19.76,41.86260964326088
241,46.2,48.340600640047334
242,40.65,45.22191625059627
243,40.95432293,45.26188193054997
244,35.52,46.423037985766555
245,32.78,38.55715375359598
246,68.3890411,52.28333771174973
247,51.17260274,47.771369796512175
248,32.15,54.674546969751525
249,44.63,47.43030401096764
250,39.69,43.413881042445624
251,31.66,43.64921856456985
252,23.49,43.43527150445757
253,36.37,50.00455900125947
254,50.79726027,51.84422622301682
255,60.06575342,49.84630489582631
256,52.73276443,48.86077274280546
257,75.39452055,64.04167276125706
258,53.86,46.044330208046674
259,70.31780822,66.963573602285
260,66.5260274,55.93937334948561
0,51.17260274,48.36865024462139
1,32.16,37.7234650429527
2,45.54,48.019645412648195
3,78.52054795,73.63651791833163
4,40.18,48.16767041186534
5,79.50410959,71.06868305954617
6,70.18032787,40.472124050046986
7,50.03561644,35.243743909999864
8,45.66,48.078236630661095
9,31.01,44.198994784043386
10,49.3852459,47.225548731357556
11,68.69041096,47.985350912021985
12,43.49,49.47362486584909
13,74.41369863,51.6811039357633
14,51.3579235,52.50958999571148
15,46.86,44.31203987571514
16,53.39452055,54.49895873397721
17,40.95432293,45.39219891580954
18,38.12,48.34230307086598
19,53.1369863,50.88556307984992
20,68.12021858,74.99079438960666
21,38.01,36.87534077093546
22,37.02,40.860876195472215
23,46.07,45.20147146826876
24,36.76,42.06815370416474
25,75.71232877,58.51882324680782
26,24.19,32.78593226599718
27,73.22191781,54.24725074326788
28,29.33,40.9815355873974
29,48.03,47.262617134729176
30,44.62,48.16906296847283
31,39.98,41.383140689113574
32,76.21369863,60.990169949086926
33,20.84,30.347357420696877
34,74.6109589,39.44231504025637
35,71.18082192,53.564405217051394
36,19.52,30.19152185661772
37,47.95081967,47.61005226781849
38,24.36,44.86758885624598
39,40.56010929,51.06550176325573
40,45.31,55.37552058854901
41,66.45479452,52.025026123413625
42,72.67570177,44.86137217431781
43,68.72876712,50.686792406243605
44,61.21917808,53.60794231486028
45,28.05,34.41380872276201
46,68.26575342,51.0072315777547
47,39.97,49.6884115787782
48,76.00273973,59.91505690645639
49,50.93,44.204263783597305
50,58.60190134,45.075571307137125
51,50.3260274,46.20324825425098
52,38.74,46.53513444508698
53,52.48,40.91912722791528
54,60.69589041,51.416922031558876
55,71.92876712,58.296204559693194
56,46.87,48.04702346608943
57,57.29041096,49.25854813447183
58,37.06,42.398784406164594
59,30.46849315,39.00522437463646
60,39.99,43.088093918176284
61,30.82191781,46.78400732233993
62,71.75616438,53.61720402840656
63,30.39,36.89726924632404
64,23.48360656,42.01689651658848
65,43.35,39.78235146355759
66,42.56,44.68080573551996
67,77.0109589,64.79791717303047
68,68.14794521,49.93895685325722
69,51.76775956,51.644399876270754
70,21.01,40.678538713153394
71,49.56,48.4546708379278
72,23.2,32.35801528712019
73,51.89589041,51.28780686709234
74,59.51780822,47.495869031554285
75,42.3,42.24739762742587
76,51.62,47.73199387391972
77,33.64,40.508006571310176
78,31.16,42.58545280708147
79,39.22,49.52312923668532
80,44.42,51.102661755650296
81,44.7,43.2800786903975
82,44.97571675,42.04099619391491
83,77.29041096,60.900899598971705
84,47.41,53.26125475493832
85,71.63835616,68.31783727137812
86,53.73,47.69745445568586
87,33.49,42.566786994036704
88,41.44,52.759945588877706
89,50.66849315,47.83534833933852
90,35.52,46.716025962989036
91,54.32876712,48.992938037518
92,51.27,51.82660124204812
93,69.88767123,54.81651887253934
94,28.94,42.622032259787986
95,30.99,42.216036211529115
96,47.39452055,50.70495636555359
97,28.28,46.39147674304232
98,34.91803279,48.62546682152782
99,43.13972603,44.12530039662107
100,50.44109589,48.28318960541019
101,60.74520548,53.75362881546713
102,28.07650273,36.8799147584651
103,59.58082192,48.30027294506746
104,43.48767123,36.10721799638042
105,56.63208324,48.03614299671503
106,23.19,48.272111444408374
107,57.08469945,52.50684261695179
108,37.56876263,42.16255092992923
109,47.04,48.91107680076096
110,45.2,43.328199217193244
111,71.32786885,51.23524741139512
112,53.21369863,48.118006751243904
113,46.51232877,40.71481381178071
114,35.49,40.466219027070295
115,47.58356164,46.87259199462598
116,49.82465753,55.08092743196683
117,66.82191781,46.03352186691117
118,66.96712329,55.02158900226557
119,32.3,39.81798116912519
120,53.78356164,52.510223775476945
121,53.59,50.09732430128123
122,31.25,37.64434029499259
123,50.52,48.43887868128608
124,22.37,33.300785403178274
125,69.51506849,47.0220703321928
126,41.88145071,43.64769740047921
127,43.21,43.45485943956592
128,44.91,44.40673442519295
129,52.14,47.58915124875047
130,79.13424658,58.62679728381144
131,65.03561644,47.72899018166679
132,70.1369863,48.914387943454486
133,36.37,49.993608025008875
134,34.45,34.93634752415088
135,69.60821918,58.589495633354815
136,51.33606557,49.66332483544163
137,28.02,27.858527967805138
138,68.16130698,55.4988408349092
139,45.99,52.44930831636794
140,78.33333333,96.6345435880088
141,41.46,52.82485019954884
142,39.18,41.69749080100083
143,40.28,49.906385163886235
144,44.88,51.90017156606542
145,72.23287671,48.71881720569581
146,80.68493151,58.384768499807045
147,42.53,50.69286080924041
148,66.30136986,60.50110357351207
149,66.5260274,56.701731750978816
150,52.11222397,49.08203518316336
151,51.45901639,53.92589310325552
152,33.92,46.68339076723146
153,53.08,44.85856049163596
154,30.45,44.02725760707666
155,30.08,48.460136829078806
156,24.38,42.77103835700616
157,59.03835616,53.23253136334744
158,57.39178082,49.992668798202956
159,23.83,40.5716002218422
160,31.6,36.244905833495224
161,46.1776106,45.01965035762804
162,66.85205479,52.72674926983037
163,57.95548319,47.522169904029674
164,42.97,47.79281094873501
165,46.80821918,51.73634386011763
166,50.4,43.52554719110456
167,41.71,50.469475873642835
168,36.05,46.24863147071843
169,34.48,52.15416161930789
170,72.77731118,53.44513774926423
171,52.73276443,49.03591736060563
172,79.2109589,47.10275726422967
173,67.61369863,52.28249965888802
174,29.65,37.49478139066848
175,47.83,38.08880891113566
176,55.83835616,51.3497318016024
177,33.83,48.77810524226435
178,22.83,39.60125912114829
179,84.62435811,66.59292739066831
180,42.58,48.80632507291749
181,51.13,53.58877992245845
182,44.98,47.76637967983046
183,26.27,45.90807569654844
184,19.45,46.125926618183655
185,31.77260274,47.93854423993131
186,44.91,46.419072660462916
187,35.20547945,51.1691355858944
188,55.02,48.13599022287297
189,32.19726027,39.46965655514694
190,67.98082192,62.529670759797646
191,40.78,26.900633836551847
192,41.02,46.57607486753946
193,37.16,45.533588941210425
194,24.94,47.01449782036425
195,19.4,30.077532133426136
196,27.09,33.061299632783715
197,72.05753425,59.54386163204222
198,71.2431694,50.26365667931596
199,43.46,41.8311420654892
200,31.67,35.53145099707589
201,34.56,41.383142962382145
202,53.1890411,44.54006264330375
203,26.98,45.44098525525924
204,23.35,38.186748618969844
205,28.26,46.147001007161165
206,26.01,39.92218252628086
207,62.26027397,52.02324504373633
208,31.47,46.538335717992304
209,45.33,48.67502005788539
210,22.54,43.38262530361351
211,48.88,32.232500219921796
212,61.97217606,48.558658181926795
213,42.74794521,41.57398157954732
214,31.66,43.33569680767604
215,69.15890411,51.302684305600934
216,34.41,44.89402254864491
217,53.86,44.62524137429882
218,61.26229508,43.9486619085923
219,42.18579235,45.5142515918209
220,44.73,47.68346527431942
221,21.13,45.568543083249445
222,68.22739726,51.169821067941214
223,45.41,46.937375006658286
224,43.27,49.50709862927169
225,62.18579235,49.77395880048044
226,76.2109589,50.704960899369325
227,51.53150685,36.1772750503129
228,30.75,48.80974071061043
229,53.04644809,49.9977348779813
230,28.5,45.20953179347909
231,26.74,39.38711278275228
232,68.47671233,54.367861243519926
233,58.76164384,44.32671062429179
234,37.02,47.911240287349756
235,44.08,49.0501192772777
236,66.94246575,52.86610336118637
237,66.21643836,52.557132300805726
238,25.31,40.25449668362185
239,29.39,49.10109063652504
240,37.2,35.77668803183868
241,57.71628864,48.98364367782804
242,35.42,43.61478751434998
243,44.28,52.01222801442154
244,49.33060109,50.52202073298053
245,19.06,26.358747961375748
246,43.49,46.26316576068327
247,45.73,38.13792830691116
248,68.13424658,54.2499596142871
249,65.30327869,49.85784340874636
250,68.70684932,53.24931567071999
251,70.71506849,65.35027466577121
252,41.81601168,42.52784024324002
253,57.50410959,52.30115961927199
254,71.52876712,51.33431183128275
255,50.83013699,49.96059983730024
256,47.27,48.82323813456546
257,64.9260274,50.594577351830324
258,21.16,42.489631127743
259,37.95,47.66749461526281
260,18.15,36.16174923911532
0,66.47123288,55.383462049329694
1,37.8,41.54521349254852
2,50.54,49.43224389005867
3,54.93972603,43.231900943666886
4,74.68219178,61.674872965690206
5,68.26575342,50.954586859950254
6,25.31,40.60050108302586
7,32.72,47.10134510696579
8,32.15,54.54138774645606
9,40.07650273,45.057471574499836
10,50.76,50.82316116174405
11,29.69,44.71274068698685
12,61.26229508,44.36851645832948
13,68.69041096,47.92764010527909
14,62.5260274,51.825754910385115
15,19.52,31.159820726694583
16,28.28,46.126528267481405
17,30.83,48.09323157671566
18,30.68,47.788182167482
19,31.16,42.82632065259298
20,29.33,41.199779672000666
21,45.52,42.99925993339024
22,31.6,44.75161726474509
23,70.16120219,56.69583175730947
24,24.18,48.05050190528384
25,43.27,49.2823686196602
26,30.66,50.7563998335244
27,48.73,45.01981348857302
28,76.00273973,58.82751262323356
29,32.19726027,39.86522589383692
30,31.47,46.41269569159771
31,27.49863014,41.33236679014062
32,72.20547945,54.533221824119565
33,54.03,45.17728361187559
34,66.5369863,46.40484692323605
35,68.23561644,53.384220180019426
36,49.3852459,47.18957659365552
37,22.08,38.401409805442064
38,20.3,45.19696555722318
39,64.29315068,49.417031511590864
40,69.44535519,53.91116869154244
41,52.95,40.35333332075708
42,56.0630137,52.06253653635982
43,34.91803279,48.15741831594181
44,76.98356164,65.6480002778163
45,84.62435811,65.98422114788627
46,69.55004866,57.650431845838206
47,20.33,37.51126120223112
48,27.76,40.47157778931869
49,40.87,51.3470276665439
50,42.56,44.84656934273125
51,67.03835616,49.86813385149913
52,36.12328767,37.768636545321094
53,44.15,45.03177402345413
54,30.26,43.732960727680386
55,72.61369863,53.11813450778362
56,34.11,50.8536621817861
57,37.2,36.714932361286316
58,77.55464481,50.270901738817976
59,24.74,39.58021089445654
60,32.3,45.473130349178064
61,76.80273973,56.957365278563685
62,53.86,44.91465402077074
63,29.25,40.263177467414806
64,27.9,38.22806315143929
65,53.88,53.687754288928346
66,57.39,50.80254666284879
67,28.26,46.174448359252665
68,75.71232877,57.45933689984332
69,41.54,46.37275437781263
70,79.62465753,63.65061949286005
71,69.24109589,51.94696568900675
72,34.95,49.52828897833716
73,45.06,50.82199303391557
74,20.84,31.389009557243327
75,71.75616438,53.28869194679875
76,69.41803279,49.29845765425129
77,53.82,51.89217136098782
78,47.49,45.45670840343052
79,33.92,46.26603786455393
80,68.16130698,54.78117631620834
81,27.55,39.33968974667587
82,71.18082192,53.16688156245174
83,46.8,46.788181274126295
84,41.41,49.479441750794635
85,68.12021858,73.16940998806983
86,22.83,39.50587793014596
87,43.35,39.94980805270079
88,26.74,39.49408818416494
89,34.60273973,37.6362416216878
90,19.99,42.97475397018192
91,58.22404372,46.95850771312576
92,60.0630137,49.35853090893036
93,33.43,42.82706275926318
94,38.89,41.24119568420534
95,49.31506849,44.80504879035507
96,75.39452055,63.01045623213035
97,76.2109589,50.74008551664251
98,73.01912568,53.17273155646936
99,69.50655738,49.159756550940294
100,34.24,49.860877736848906
101,54.55,48.25596449804615
102,45.77677221,50.597102119220004
103,67.3579235,50.359763573407875
104,49.26,52.965298688669336
105,28.58,44.07527690531716
106,33.71,42.336413925784626
107,53.73,47.59079891880768
108,31.94,49.288341568299316
109,57.95548319,47.29884027199721
110,78.41256831,61.266979285782924
111,69.70765027,65.36615378942061
112,34.48,51.834994630569305
113,44.63,46.70193062234081
114,66.68219178,51.650789559761336
115,53.32,47.762929672819666
116,34.41,45.20543845874313
117,48.52783891,36.90008229956101
118,39.59,45.05013145613961
119,44.7,43.42617068664738
120,23.63,36.91984848088824
121,64.9260274,50.44698832214007
122,34.13,38.26319905411857
123,38.62,43.13199806570005
124,29.42,27.450907915399
125,45.15,43.8831917402118
126,59.78,49.49883216429453
127,43.82,52.90600022594837
128,36.95,45.63475080884527
129,64.25753425,50.60677967092086
130,65.05479452,55.42680358183232
131,70.30684932,50.55222660618031
132,52.41,51.29679350625488
133,42.58,48.63058685445592
134,28.02,28.899110521146003
135,39.5,47.726791844513926
136,20.50546448,44.27279186211159
137,38.44,43.88770933076774
138,35.58,39.52837463154544
139,29.14,40.906270699762516
140,39.61,53.148639867583725
141,51.29,44.96657075606286
142,40.55616438,38.51949367457289
143,75.12295082,59.519516340437484
144,34.45,35.793119068903735
145,21.97,35.798416933578196
146,58.76164384,44.55195160042494
147,50.44109589,48.1926509496432
148,73.97707164,51.103455395595624
149,56.93150685,44.46646782621832
150,66.17213115,53.313759005856674
151,68.14794521,49.827257865801556
152,80.52876712,65.74264780084343
153,44.26027397,44.531265361782765
154,68.83835616,50.92414248819655
155,42.67,46.47075043900728
156,46.07,45.386578459767115
157,62.7775058,45.80136823523503
158,47.27,48.54045770629308
159,50.79726027,51.97075187873786
160,65.03561644,47.65682875539928
161,53.04644809,49.41645170427569
162,21.01,40.63862766139591
163,81.65753425,67.97639534119772
164,67.61369863,51.827964520101816
165,28.07,41.66013036609587
166,76.11780822,55.09148680898607
167,31.64,36.499899625663346
168,48.6,44.29598889270356
169,52.16679392,52.18932503823803
170,40.28,49.36061809023576
171,24.99,25.376827044858775
172,39.01,43.91672547449627
173,45.66,43.06743599470312
174,32.65,43.22220395630886
175,26.79,34.91882075707822
176,71.25479452,55.97103542020656
177,68.7260274,48.62376089977293
178,72.67570177,45.47892977500422
179,45.61,43.447413429574866
180,25.56557377,45.573273492061816
181,42.97,47.71682553061898
182,39.98,41.35519137463777
183,32.48,42.33726258838191
184,67.58356164,53.770965214051024
185,72.05753425,58.31051410983673
186,66.08767123,49.510229576111826
187,46.87,47.89059077631605
188,46.75,45.82400256100547
189,43.83333333,46.297151506493535
190,59.63287671,45.78050933269327
191,50.66849315,47.87995764169879
192,51.53150685,37.09311448600613
193,65.34520548,55.90160925707066
194,43.7,46.84758553132979
195,74.6109589,40.5154090837707
196,67.5260274,49.52773599294334
197,53.78356164,51.75813402441028
198,58.6557377,51.72840534166018
199,30.82191781,46.021518575140654
200,34.96,43.02685049624482
201,44.88,51.67939265334273
202,70.71506849,63.44368819076321
203,67.26575342,53.689878322181094
204,73.56438356,50.06141978372513
205,47.05,47.05207399830025
206,30.77,48.48198793193296
207,72.63013699,57.207819135633905
208,33.83,40.55768681493699
209,35.03,43.33388665983998
210,43.45901639,35.90670233832702
211,31.77260274,47.786669404384504
212,45.2,43.573804896985294
213,47.86338798,54.61375823715692
214,53.76028894,48.574486449323985
215,48.01,45.34487593043646
216,44.73501759,45.726509645171916
217,32.91,36.456327399803186
218,29.21,37.198348627038854
219,33.07,42.47178148432079
220,61.63561644,54.329795470463516
221,72.12568306,54.82315219288293
222,69.87106819,50.76056085404567
223,49.98537316,36.38547833296427
224,74.39344262,51.845863629082075
225,66.5260274,55.71766035141298
226,25.1,42.05485821641448
227,37.40437158,42.858536113564995
228,28.02,44.40525061539391
229,38.12,48.25193606810933
230,64.61748634,50.88915407134372
231,77.03561644,65.48947033962773
232,70.3260274,74.49544866825559
233,45.92,48.33720405283882
234,24.0,34.324681669890296
235,27.09,40.19098080596164
236,41.94,47.74644115761035
237,29.65,44.68137380142216
238,19.76,41.98567941299101
239,52.72876712,53.15138430592882
240,77.29041096,59.95393030644259
241,45.69260424,46.532361810437614
242,38.02,42.57448552229987
243,44.62,47.86606093161619
244,69.84014522,52.03832041841105
245,41.46,44.82590911037941
246,73.99065798,51.14950643993956
247,37.06,42.58016345654791
248,25.25,40.58018725231058
249,70.18032787,41.42441128124696
250,37.73,48.458646943192775
251,63.71584699,49.44868983624682
252,26.34,38.114457618379696
253,37.87,47.77138809817209
254,24.74,38.537100086917334
255,53.34520548,50.805480524641716
256,68.43561644,50.89703260432615
257,72.77260274,68.26531159726777
258,73.01643836,61.00141606491732
259,50.34520548,50.73662480012953
260,45.99,51.904056534376195
